iex(143)> recompile; F.line11
[
  [0, 14.2, 17.4, 19, 30, 36.3333, 39.5, 42.6, 53.6667, 60],
  [0, 11, 17.4, 20.5, 23.6667, 34.75, 41, 47.3333, 49, 60],
  [0, 4.2, 18.6, 27, 35.2, 37.25, 51.75, 53.8, 55.8, 60],
  [0, 9.25, 11.5, 27.6667, 30, 32.25, 37, 46.2, 57.6667, 60]
]
iex(144)> recompile; F.line12
[
  [0, 10.4, 13, 41.75, 44.4, 47, 49.6, 54.8, 60],
  [0, 3.8, 5.8, 7.75, 11.6, 29, 42.6, 54.2, 60],
  [0, 14.2, 21.2, 24.75, 26.5, 28.25, 31.8, 47.6667, 60],
  [0, 8.8, 11.75, 16.2, 29.25, 39.5, 42.5, 58.6, 60]
]
iex(145)> recompile; F.line13
[
  [0, 1.75, 21.2, 28.25, 37, 38.8, 42.4, 54.75, 56.5, 60],
  [0, 6, 12, 15, 21, 39, 42, 45, 51, 60],
  [0, 4.75, 6.3333, 9.5, 12.6, 14.2, 28.4, 39.5, 42.6, 60],
  [0, 24.5, 26.6667, 31.2, 35.6, 44.5, 51.2, 53.3333, 57.8, 60]
]
iex(146)> recompile; F.line14
[
  [0, 1.5, 17.6, 23.4, 30.75, 32.2, 36.6, 38, 49.75, 60],
  [0, 16.6, 31, 35.2, 37.25, 41.4, 45.5, 49.6, 58, 60],
  [0, 5.75, 7.2, 22.8, 27.2, 28.6, 40, 55.75, 57.2, 60],
  [0, 2, 6.2, 24.8, 39.3333, 43.4, 49.6, 51.6667, 55.8, 60]
]
iex(147)>
