[
  [2, 3, 2, 1, 2, 1, 4, 3, 4, 1, 4, 4, 5],
  [3, 4, 2, 1, 2, 1, 4, 3, 4, 1, 4, 4, 5],
  [3, 4, 2, 1, 3, 2, 4, 3, 4, 1, 4, 4, 5],
  [3, 4, 2, 1, 3, 2, 3, 2, 4, 1, 4, 4, 5],
  [3, 4, 2, 1, 3, 2, 3, 2, 3, 2, 4, 4, 5],
  [3, 4, 2, 1, 3, 2, 3, 2, 3, 2, 4, 3, 6],
  [4, 5, 2, 1, 3, 2, 3, 2, 3, 2, 4, 3, 6],
  [4, 5, 2, 1, 4, 3, 3, 2, 3, 2, 4, 3, 6],
  [4, 5, 2, 1, 4, 3, 2, 2, 2, 2, 4, 3, 6],
  [4, 5, 2, 1, 4, 3, 2, 2, 2, 3, 4, 2, 6],
  [5, 5, 2, 1, 4, 3, 2, 2, 2, 3, 4, 2, 7],
  [5, 6, 2, 1, 5, 3, 2, 2, 2, 3, 4, 2, 7],
  [5, 6, 2, 1, 5, 4, 2, 2, 1, 3, 4, 2, 7],
  [5, 6, 2, 1, 5, 4, 2, 2, 1, 4, 4, 1, 7],
  [6, 6, 2, 1, 5, 4, 2, 2, 1, 4, 4, 1, 8],
  [6, 7, 2, 1, 6, 4, 2, 2, 1, 4, 4, 1, 8],
  [6, 7, 2, 1, 6, 4, 2, 2, 1, 5, 4, 1, 9],
  [6, 8, 2, 1, 7, 4, 2, 2, 1, 5, 4, 1, 9],
  [6, 8, 2, 1, 7, 4, 2, 2, 1, 6, 4, 1, 10],
  [6, 9, 2, 1, 8, 4, 2, 2, 1, 6, 4, 1, 10],
  [6, 9, 2, 1, 8, 4, 2, 2, 1, 7, 4, 1, 11],
  [6, 10, 2, 1, 9, 4, 2, 2, 1, 7, 4, 1, 11]
]
