  [3, 4, 2, 1, 3, 2, 3, 2, 3, 2, 4, 3, 7], #6
  [4, 5, 2, 1, 3, 2, 3, 2, 3, 2, 4, 3, 7], #7
  [4, 5, 2, 1, 4, 3, 3, 2, 3, 2, 4, 3, 7], #8
  [4, 5, 2, 1, 4, 3, 2, 2, 2, 2, 4, 3, 7], #9
  [4, 5, 2, 1, 4, 3, 2, 2, 2, 3, 4, 2, 7], #10
  [5, 5, 2, 1, 4, 3, 2, 2, 2, 3, 4, 2, 8], #11
  [5, 6, 2, 1, 5, 3, 2, 2, 2, 3, 4, 2, 8], #12
  [5, 6, 2, 1, 5, 4, 2, 2, 1, 3, 4, 2, 8], #13
  [5, 6, 2, 1, 5, 4, 2, 2, 1, 4, 4, 1, 8], #14
  [6, 6, 2, 1, 5, 4, 2, 2, 1, 4, 4, 1, 9], #15
  [6, 7, 2, 1, 6, 4, 2, 2, 1, 4, 4, 1, 9], #16
  [6, 7, 2, 1, 6, 4, 2, 2, 1, 5, 4, 1, 10], #17
  [6, 8, 2, 1, 7, 4, 2, 2, 1, 5, 4, 1, 10], #18
  [6, 8, 2, 1, 7, 4, 2, 2, 1, 6, 4, 1, 11], #19
  [6, 9, 2, 1, 8, 4, 2, 2, 1, 6, 4, 1, 11], #20
  [6, 10, 2, 1, 8, 4, 2, 2, 1, 7, 4, 1, 11], #21
  [6, 11, 2, 1, 9, 4, 2, 2, 1, 7, 4, 1, 11] #22
